up-down:

x=198.04
y=487.60

scaled down:
x=97.50
y=240.057564128

left-right:

x=361.02
y=230.55

x=180.079375407
y=115.00
